c1 c2 c3 c4 c5 c6 c7
23 95 23 28 45 86 96
23 45 76 76 45 34 95
23 45 86 45 47 28 27
74 83 95 23 28 45 86
38 94 29 54 45 36 24
24 57 86 34 56 79 35
35 45 85 87 34 45 67
24 65 78 35 64 78 45
76 87 89 98 98 65 65
87 87 98 65 54 43 76
67 98 65 76 76 98 43
76 87 98 43 65 76 87
76 76 65 76 87 76 87
76 76 54 54 76 34 56
98 87 76 54 76 53 34
36 78 76 88 77 54 67 
0  0  0  0  0  0  0
56 67 76 87 74 68 76
76 87 89 98 98 65 65
87 89 98 98 65 65 98
24 65 78 35 64 78 67
76 87 89 98 98 65 87
83 95 23 28 45 86 78
57 86 34 56 79 35 56
76 87 89 98 98 65 65
87 87 98 65 54 43 34
87 76 54 76 53 34 78
98 65 76 76 98 87 76
98 76 65 45 67 87 98
45 63 54 34 67 87 98

